/////////////////////////////////////////////////////////////////////////////////////////////
//A quad


float v[] = { 	1,1,1, 		1,1,-1, 	-1,1,-1, 	-1,1,1,		// top
		-1,-1,1,	-1,-1,-1, 	1,-1,-1, 	1,-1,1};	// bottom

float c[] = {	1,0,0,	1,1,0, 	1,0,0, 	1,1,0,
	 	1,1,0, 	1,0,0, 	1,1,0, 	1,0,0 }; 


int indices[] = {	0,2,3, 	0,1,2, //top
			7,3,4, 	7,0,3, //front
			6,0,7, 	6,1,0, //right
			5,1,6, 	5,2,1, //back
			4,2,5, 	4,3,2, //left
			6,4,5, 	6,7,4  //bottom
		};


/////////////////////////////////////////////////////////////////////////////////////////////
// A spiked quad


float v[] = { 	1,1,1, 		1,1,-1, 	-1,1,-1, 	-1,1,1,		// top
		-1,-1,1,	-1,-1,-1, 	1,-1,-1, 	1,-1,1,     	// bottom
		0,-4,0,		0,4,0, 		4,0,0,				//spikes
		-4,0,0,		0,0,4,		0,0,-4};   			// spikes

		
float c[] = {	1,0,0,	1,1,0, 	1,0,0, 	1,1,0,
		1,1,0, 	1,0,0, 	1,1,0, 	1,0,0, 
		0,0,1, 	0,0,1, 	0,0,1,	
		0,0,1,	0,0,1,	0,0,1};

int indices[] = {	7,4,8,	4,5,8,	5,6,8, 	6,7,8, 	//bottom
			0,1,9,	1,2,9,	2,3,9,	3,0,9, 	//top
			6,1,10,	1,0,10,	0,7,10,	7,6,10,	//right
			4,3,11,	3,2,11,	2,5,11,	5,4,11,	//left
			7,0,12,	0,3,12,	3,4,12,	4,7,12,	//front
			5,2,13,	2,1,13,	1,6,13,	6,5,13	//back					
		};